Airfoil: AG40d-02r fp10
Builder: M. Drela, et al.
Comment: Clean, Flap = 10°

Number of Reynolds #'s:
5

Average Reynolds #:
99852.1
Number of angles of attack:
53
 alpha  /   Cl   /  Cm
-10.28   -0.24  -0.0708
 -9.28   -0.16  -0.1061
 -8.21   -0.01  -0.1560
 -7.20    0.09  -0.1623
 -6.31    0.18  -0.1681
 -5.32    0.27  -0.1694
 -4.28    0.36  -0.1662
 -3.23    0.43  -0.1597
 -2.27    0.50  -0.1560
 -1.18    0.55  -0.1444
 -0.08    0.65  -0.1455
  0.91    0.79  -0.1561
  1.91    0.96  -0.1634
  2.91    1.04  -0.1525
  4.01    1.11  -0.1437
  4.96    1.15  -0.1341
  6.07    1.17  -0.1226
  7.12    1.20  -0.1131
  8.15    1.23  -0.1041
  8.99    1.24  -0.1008
 10.03    1.23  -0.1417
 11.06    1.17  -0.1913
 11.93    1.09  -0.2120
 12.92    1.08  -0.2217
 13.88    1.09  -0.2301
 14.92    1.05  -0.2265
 15.91    1.08  -0.2340
 15.68    1.07  -0.2177
 14.64    1.08  -0.2152
 13.72    1.10  -0.2179
 12.62    1.09  -0.2054
 11.79    1.07  -0.1955
 10.80    1.14  -0.1749
  9.83    1.25  -0.1187
  8.81    1.25  -0.0927
  7.85    1.24  -0.1000
  6.84    1.21  -0.1089
  5.80    1.18  -0.1172
  4.78    1.15  -0.1303
  3.84    1.11  -0.1374
  2.78    1.04  -0.1424
  1.76    0.95  -0.1509
  0.70    0.76  -0.1383
 -0.41    0.63  -0.1293
 -1.42    0.55  -0.1343
 -2.36    0.51  -0.1423
 -3.37    0.44  -0.1470
 -4.45    0.36  -0.1536
 -5.44    0.27  -0.1560
 -6.53    0.17  -0.1527
 -7.50    0.07  -0.1503
 -8.49   -0.05  -0.1377
 -9.50   -0.19  -0.0825
Tabulated from data in file 06871gw.dat & reduced using program C10.20

Average Reynolds #:
200169.4
Number of angles of attack:
49
 alpha  /   Cl   /  Cm
-10.26   -0.25  -0.0553
 -9.25   -0.15  -0.1080
 -8.24    0.04  -0.1597
 -7.23    0.14  -0.1642
 -6.15    0.25  -0.1687
 -5.27    0.34  -0.1716
 -4.16    0.46  -0.1739
 -3.20    0.55  -0.1730
 -2.23    0.60  -0.1678
 -1.03    0.68  -0.1611
 -0.16    0.77  -0.1593
  0.82    0.93  -0.1683
  1.87    1.04  -0.1617
  3.04    1.11  -0.1510
  4.07    1.17  -0.1439
  4.95    1.21  -0.1353
  6.06    1.25  -0.1243
  6.99    1.27  -0.1148
  8.07    1.31  -0.1064
  9.07    1.33  -0.0990
  9.87    1.35  -0.1298
 10.94    1.33  -0.1872
 11.97    1.26  -0.2142
 12.91    1.15  -0.2184
 14.02    1.18  -0.2249
 13.71    1.14  -0.2171
 12.74    1.18  -0.2151
 11.81    1.25  -0.2084
 10.76    1.36  -0.1729
  9.87    1.36  -0.1354
  8.85    1.33  -0.0970
  7.85    1.31  -0.1045
  6.84    1.28  -0.1132
  5.78    1.25  -0.1237
  4.90    1.23  -0.1328
  3.79    1.17  -0.1424
  2.71    1.09  -0.1490
  1.69    1.03  -0.1593
  0.65    0.92  -0.1654
 -0.41    0.73  -0.1526
 -1.35    0.68  -0.1608
 -2.28    0.61  -0.1669
 -3.41    0.53  -0.1699
 -4.38    0.44  -0.1699
 -5.41    0.33  -0.1688
 -6.48    0.22  -0.1652
 -7.50    0.12  -0.1616
 -8.45    0.02  -0.1544
 -9.56   -0.19  -0.0799
Tabulated from data in file 06873gw.dat & reduced using program C10.20

Average Reynolds #:
299967.9
Number of angles of attack:
49
 alpha  /   Cl   /  Cm
-10.25   -0.26  -0.0620
 -9.30   -0.14  -0.1165
 -8.36    0.03  -0.1584
 -7.16    0.15  -0.1641
 -6.18    0.25  -0.1664
 -5.20    0.37  -0.1702
 -4.08    0.48  -0.1711
 -3.06    0.59  -0.1723
 -2.11    0.68  -0.1717
 -1.01    0.79  -0.1707
 -0.10    0.88  -0.1686
  0.96    0.99  -0.1631
  2.09    1.06  -0.1536
  2.92    1.12  -0.1492
  4.10    1.19  -0.1409
  5.13    1.24  -0.1313
  6.10    1.28  -0.1233
  7.18    1.31  -0.1130
  8.26    1.35  -0.1045
  9.08    1.36  -0.0987
 10.07    1.39  -0.1351
 11.10    1.37  -0.1824
 11.99    1.32  -0.2047
 12.92    1.21  -0.2206
 13.96    1.20  -0.2256
 13.77    1.23  -0.2267
 12.82    1.27  -0.2195
 11.73    1.34  -0.1985
 10.85    1.36  -0.1664
  9.92    1.36  -0.0965
  8.91    1.36  -0.0977
  7.91    1.34  -0.1052
  6.75    1.30  -0.1150
  5.79    1.27  -0.1234
  4.69    1.22  -0.1338
  3.73    1.17  -0.1411
  2.77    1.11  -0.1480
  1.79    1.04  -0.1534
  0.73    0.97  -0.1633
 -0.42    0.86  -0.1687
 -1.30    0.76  -0.1688
 -2.38    0.66  -0.1701
 -3.38    0.55  -0.1694
 -4.45    0.45  -0.1690
 -5.46    0.33  -0.1660
 -6.46    0.23  -0.1644
 -7.46    0.12  -0.1610
 -8.54    0.00  -0.1544
 -9.50   -0.18  -0.0982
Tabulated from data in file 06875gw.dat & reduced using program C10.20

Average Reynolds #:
399909.0
Number of angles of attack:
39
 alpha  /   Cl   /  Cm
 -9.19   -0.10  -0.1303
 -8.20    0.05  -0.1583
 -7.18    0.16  -0.1613
 -6.16    0.27  -0.1640
 -5.16    0.38  -0.1661
 -4.16    0.48  -0.1673
 -3.16    0.59  -0.1697
 -2.11    0.70  -0.1696
 -1.02    0.81  -0.1694
 -0.00    0.92  -0.1673
  0.95    0.99  -0.1592
  2.05    1.06  -0.1524
  3.07    1.14  -0.1462
  4.06    1.19  -0.1381
  5.06    1.25  -0.1303
  6.08    1.30  -0.1220
  7.06    1.33  -0.1138
  8.13    1.36  -0.1057
  9.11    1.40  -0.1008
 10.14    1.39  -0.0989
  9.81    1.40  -0.0966
  8.75    1.39  -0.1013
  7.88    1.37  -0.1072
  6.82    1.33  -0.1149
  5.76    1.29  -0.1237
  4.81    1.23  -0.1314
  3.67    1.17  -0.1405
  2.75    1.13  -0.1482
  1.65    1.04  -0.1536
  0.69    0.98  -0.1605
 -0.27    0.89  -0.1661
 -1.37    0.78  -0.1682
 -2.38    0.67  -0.1680
 -3.57    0.55  -0.1668
 -4.53    0.44  -0.1659
 -5.43    0.34  -0.1646
 -6.57    0.22  -0.1614
 -7.56    0.12  -0.1584
 -8.61    0.00  -0.1543
Tabulated from data in file 06877gw.dat & reduced using program C10.20

Average Reynolds #:
499995.4
Number of angles of attack:
37
 alpha  /   Cl   /  Cm
 -8.18    0.06  -0.1585
 -7.20    0.17  -0.1616
 -6.18    0.27  -0.1631
 -5.13    0.39  -0.1666
 -4.21    0.49  -0.1667
 -3.04    0.62  -0.1671
 -2.11    0.71  -0.1664
 -0.97    0.82  -0.1647
 -0.04    0.92  -0.1631
  1.08    0.99  -0.1545
  1.96    1.06  -0.1504
  2.95    1.13  -0.1438
  4.04    1.19  -0.1357
  4.99    1.24  -0.1281
  6.03    1.30  -0.1202
  7.19    1.36  -0.1128
  8.05    1.38  -0.1075
  9.21    1.42  -0.1006
 10.16    1.43  -0.0985
  9.88    1.44  -0.0976
  8.87    1.42  -0.1013
  7.71    1.38  -0.1080
  6.76    1.33  -0.1136
  5.80    1.29  -0.1214
  4.73    1.24  -0.1299
  3.73    1.18  -0.1376
  2.74    1.12  -0.1448
  1.71    1.05  -0.1507
  0.47    0.96  -0.1578
 -0.57    0.87  -0.1633
 -1.32    0.79  -0.1646
 -2.40    0.68  -0.1651
 -3.48    0.58  -0.1653
 -4.60    0.45  -0.1643
 -5.53    0.35  -0.1631
 -6.52    0.24  -0.1621
 -7.53    0.13  -0.1592
Tabulated from data in file 06879gw.dat & reduced using program C10.20

File ag40d_fp10_lift.dat created using program clcm dist V1.1 on 30-Mar-2012 09:46:56
