Airfoil: AG455ct-02r fp14.6
Builder: M. Drela, et al.
Comment: Clean, Flap = 14.6°

Number of Reynolds #'s:
5

Average Reynolds #:
100064.4
Number of angles of attack:
17
 alpha  /   Cl   /  Cd   /  Spanwise Cd's >>>
 -10.22    0.025   0.0737   0.0640   0.0630   0.0689   0.0688   0.0697   0.0770   0.0840   0.0941
 -9.23    0.220   0.0387   0.0347   0.0353   0.0390   0.0370   0.0377   0.0398   0.0418   0.0442
 -8.24    0.291   0.0335   0.0335   0.0325   0.0349   0.0320   0.0328   0.0336   0.0343   0.0343
 -7.21    0.358   0.0356   0.0365   0.0350   0.0366   0.0345   0.0342   0.0358   0.0359   0.0365
 -5.86    0.449   0.0338   0.0366   0.0343   0.0344   0.0330   0.0319   0.0332   0.0337   0.0336
 -4.87    0.511   0.0349   0.0368   0.0351   0.0355   0.0346   0.0331   0.0345   0.0352   0.0344
 -3.62    0.571   0.0387   0.0401   0.0382   0.0411   0.0398   0.0372   0.0375   0.0378   0.0376
 -2.83    0.642   0.0402   0.0373   0.0395   0.0426   0.0410   0.0402   0.0421   0.0406   0.0379
 -2.11    0.707   0.0384   0.0329   0.0361   0.0419   0.0423   0.0390   0.0390   0.0386   0.0374
 -1.04    0.781   0.0426   0.0358   0.0383   0.0431   0.0444   0.0453   0.0476   0.0445   0.0419
  0.04    0.885   0.0459   0.0487   0.0457   0.0473   0.0470   0.0419   0.0436   0.0444   0.0488
  1.03    1.153   0.0311   0.0271   0.0291   0.0290   0.0303   0.0306   0.0330   0.0344   0.0351
  2.12    1.260   0.0257   0.0272   0.0260   0.0255   0.0260   0.0255   0.0265   0.0256   0.0232
  3.12    1.282   0.0315   0.0341   0.0312   0.0339   0.0310   0.0296   0.0324   0.0321   0.0279
  4.10    1.294   0.0386   0.0406   0.0398   0.0402   0.0364   0.0387   0.0391   0.0367   0.0379
  5.08    1.317   0.0481   0.0519   0.0487   0.0503   0.0471   0.0474   0.0473   0.0468   0.0453
  6.08    1.345   0.0593   0.0648   0.0607   0.0618   0.0585   0.0572   0.0592   0.0560   0.0561
Tabulated from data in file 06764gw_interp.dat & reduced using program C10.20

Average Reynolds #:
200191.1
Number of angles of attack:
17
 alpha  /   Cl   /  Cd   /  Spanwise Cd's >>>
 -10.29    0.013   0.0655   0.0709   0.0663   0.0662   0.0618   0.0591   0.0612   0.0659   0.0727
 -9.07    0.219   0.0297   0.0302   0.0285   0.0295   0.0291   0.0283   0.0288   0.0304   0.0328
 -8.11    0.333   0.0196   0.0205   0.0193   0.0198   0.0198   0.0188   0.0187   0.0196   0.0200
 -7.08    0.448   0.0167   0.0171   0.0159   0.0172   0.0175   0.0161   0.0159   0.0167   0.0169
 -6.20    0.547   0.0162   0.0164   0.0163   0.0165   0.0170   0.0155   0.0158   0.0163   0.0161
 -5.04    0.666   0.0185   0.0182   0.0181   0.0193   0.0191   0.0180   0.0179   0.0184   0.0188
 -4.07    0.712   0.0263   0.0249   0.0257   0.0273   0.0272   0.0266   0.0267   0.0267   0.0251
 -3.03    0.789   0.0302   0.0288   0.0298   0.0319   0.0303   0.0289   0.0301   0.0311   0.0307
 -1.98    0.850   0.0345   0.0322   0.0318   0.0352   0.0350   0.0352   0.0370   0.0355   0.0345
 -1.05    0.921   0.0362   0.0353   0.0348   0.0379   0.0361   0.0351   0.0369   0.0365   0.0369
 -0.07    1.149   0.0172   0.0170   0.0170   0.0175   0.0167   0.0158   0.0193   0.0174   0.0167
  1.13    1.214   0.0183   0.0184   0.0177   0.0193   0.0179   0.0179   0.0197   0.0188   0.0168
  2.04    1.272   0.0219   0.0221   0.0215   0.0224   0.0213   0.0211   0.0232   0.0228   0.0207
  3.07    1.312   0.0277   0.0271   0.0276   0.0283   0.0278   0.0281   0.0290   0.0276   0.0263
  4.15    1.340   0.0351   0.0334   0.0347   0.0376   0.0339   0.0365   0.0364   0.0348   0.0336
  5.05    1.358   0.0424   0.0444   0.0418   0.0439   0.0434   0.0422   0.0438   0.0406   0.0389
  6.05    1.379   0.0508   0.0536   0.0520   0.0531   0.0493   0.0501   0.0511   0.0493   0.0484
Tabulated from data in file 06766gw_interp.dat & reduced using program C10.20

Average Reynolds #:
299912.8
Number of angles of attack:
17
 alpha  /   Cl   /  Cd   /  Spanwise Cd's >>>
 -10.14    0.068   0.0539   0.0569   0.0524   0.0535   0.0513   0.0507   0.0515   0.0537   0.0617
 -9.15    0.224   0.0240   0.0237   0.0222   0.0230   0.0233   0.0221   0.0235   0.0256   0.0283
 -8.20    0.356   0.0147   0.0155   0.0145   0.0150   0.0146   0.0140   0.0141   0.0151   0.0152
 -7.09    0.487   0.0125   0.0127   0.0119   0.0125   0.0126   0.0118   0.0125   0.0132   0.0126
 -6.17    0.585   0.0118   0.0121   0.0119   0.0118   0.0118   0.0112   0.0118   0.0120   0.0118
 -4.98    0.710   0.0120   0.0119   0.0118   0.0125   0.0122   0.0111   0.0122   0.0122   0.0122
 -4.20    0.791   0.0128   0.0123   0.0123   0.0133   0.0137   0.0125   0.0127   0.0129   0.0125
 -3.07    0.902   0.0142   0.0135   0.0137   0.0152   0.0150   0.0137   0.0145   0.0145   0.0137
 -2.01    0.996   0.0155   0.0152   0.0152   0.0163   0.0160   0.0148   0.0159   0.0160   0.0145
 -0.90    1.100   0.0154   0.0148   0.0143   0.0162   0.0158   0.0147   0.0172   0.0153   0.0146
  0.04    1.167   0.0149   0.0147   0.0143   0.0160   0.0153   0.0145   0.0159   0.0149   0.0136
  0.98    1.220   0.0177   0.0176   0.0171   0.0187   0.0174   0.0171   0.0189   0.0183   0.0167
  2.04    1.272   0.0211   0.0210   0.0208   0.0219   0.0203   0.0211   0.0223   0.0213   0.0202
  3.14    1.312   0.0260   0.0256   0.0253   0.0271   0.0246   0.0262   0.0277   0.0262   0.0252
  4.07    1.341   0.0325   0.0297   0.0325   0.0342   0.0313   0.0334   0.0346   0.0331   0.0308
  5.14    1.381   0.0396   0.0389   0.0384   0.0424   0.0404   0.0393   0.0399   0.0398   0.0376
  6.08    1.404   0.0475   0.0479   0.0483   0.0506   0.0463   0.0468   0.0481   0.0469   0.0449
Tabulated from data in file 06768gw_interp.dat & reduced using program C10.20

Average Reynolds #:
399705.1
Number of angles of attack:
14
 alpha  /   Cl   /  Cd   /  Spanwise Cd's >>>
 -8.11    0.379   0.0123   0.0127   0.0124   0.0123   0.0122   0.0119   0.0117   0.0127   0.0129
 -7.22    0.480   0.0106   0.0102   0.0104   0.0109   0.0108   0.0104   0.0102   0.0109   0.0109
 -6.16    0.596   0.0098   0.0093   0.0098   0.0099   0.0100   0.0096   0.0097   0.0101   0.0101
 -5.11    0.704   0.0097   0.0092   0.0099   0.0097   0.0101   0.0092   0.0096   0.0098   0.0097
 -4.02    0.815   0.0099   0.0094   0.0097   0.0105   0.0105   0.0095   0.0104   0.0099   0.0095
 -2.94    0.919   0.0105   0.0098   0.0101   0.0116   0.0112   0.0100   0.0112   0.0105   0.0097
 -2.01    1.009   0.0110   0.0105   0.0105   0.0120   0.0117   0.0104   0.0119   0.0113   0.0100
 -0.95    1.107   0.0121   0.0125   0.0119   0.0136   0.0130   0.0106   0.0131   0.0118   0.0105
  0.07    1.157   0.0157   0.0158   0.0151   0.0168   0.0160   0.0150   0.0165   0.0161   0.0146
  1.09    1.218   0.0183   0.0186   0.0175   0.0191   0.0178   0.0182   0.0193   0.0187   0.0173
  2.11    1.276   0.0217   0.0217   0.0213   0.0218   0.0212   0.0217   0.0227   0.0227   0.0207
  3.06    1.313   0.0258   0.0244   0.0252   0.0262   0.0248   0.0271   0.0268   0.0269   0.0247
  4.12    1.358   0.0307   0.0290   0.0307   0.0319   0.0286   0.0303   0.0327   0.0322   0.0298
  5.02    1.389   0.0369   0.0366   0.0362   0.0399   0.0364   0.0368   0.0369   0.0364   0.0357
Tabulated from data in file 06770gw_interp.dat & reduced using program C10.20

Average Reynolds #:
499715.4
Number of angles of attack:
12
 alpha  /   Cl   /  Cd   /  Spanwise Cd's >>>
 -8.17    0.402   0.0112   0.0110   0.0112   0.0113   0.0114   0.0108   0.0107   0.0117   0.0117
 -7.10    0.516   0.0098   0.0093   0.0096   0.0100   0.0098   0.0096   0.0095   0.0102   0.0101
 -6.14    0.619   0.0090   0.0084   0.0090   0.0089   0.0094   0.0087   0.0089   0.0094   0.0094
 -4.95    0.744   0.0088   0.0083   0.0088   0.0089   0.0091   0.0083   0.0089   0.0090   0.0089
 -4.18    0.820   0.0089   0.0084   0.0089   0.0093   0.0092   0.0084   0.0092   0.0089   0.0087
 -2.98    0.928   0.0094   0.0088   0.0090   0.0103   0.0099   0.0088   0.0099   0.0095   0.0087
 -2.02    1.014   0.0097   0.0091   0.0093   0.0106   0.0104   0.0090   0.0103   0.0101   0.0088
 -0.97    1.087   0.0131   0.0128   0.0127   0.0145   0.0137   0.0122   0.0141   0.0134   0.0112
  0.10    1.154   0.0159   0.0157   0.0151   0.0171   0.0162   0.0152   0.0168   0.0162   0.0146
  1.04    1.205   0.0180   0.0184   0.0171   0.0187   0.0180   0.0175   0.0191   0.0185   0.0170
  2.06    1.264   0.0214   0.0209   0.0209   0.0218   0.0207   0.0218   0.0223   0.0223   0.0203
  3.14    1.309   0.0252   0.0241   0.0251   0.0252   0.0239   0.0262   0.0264   0.0267   0.0237
Tabulated from data in file 06772gw_interp.dat & reduced using program C10.20

File ag455ct_fp15_drag.dat created using program clcm dist V1.1 on 30-Mar-2012 09:46:54
