Airfoil: W1015-30 f0
Builder: S. Cassidy
Comment: Clean, Cf/C = 30%, Flap = 0°

Number of Reynolds #'s:
3

Average Reynolds #:
99952.2
Number of angles of attack:
22
 alpha  /   Cl   /  Cd   /  Spanwise Cd's >>>
 -8.23   -0.811   0.0295   0.0327   0.0301   0.0296   0.0269   0.0281   0.0296   0.0293   0.0297
 -7.36   -0.747   0.0252   0.0275   0.0250   0.0251   0.0228   0.0242   0.0262   0.0259   0.0250
 -6.34   -0.665   0.0222   0.0230   0.0227   0.0218   0.0207   0.0221   0.0244   0.0218   0.0208
 -5.13   -0.567   0.0194   0.0204   0.0197   0.0193   0.0176   0.0180   0.0217   0.0209   0.0173
 -4.16   -0.497   0.0173   0.0179   0.0160   0.0175   0.0158   0.0155   0.0176   0.0194   0.0182
 -3.08   -0.403   0.0171   0.0181   0.0176   0.0165   0.0151   0.0159   0.0181   0.0189   0.0163
 -2.24   -0.318   0.0167   0.0189   0.0177   0.0165   0.0160   0.0158   0.0165   0.0167   0.0160
 -1.02   -0.144   0.0164   0.0177   0.0140   0.0203   0.0164   0.0152   0.0166   0.0158   0.0150
 -0.03   -0.040   0.0175   0.0211   0.0179   0.0195   0.0166   0.0148   0.0164   0.0162   0.0175
  0.85    0.028   0.0168   0.0193   0.0167   0.0182   0.0163   0.0151   0.0153   0.0167   0.0171
  2.00    0.192   0.0180   0.0203   0.0168   0.0173   0.0164   0.0168   0.0161   0.0188   0.0213
  2.91    0.276   0.0175   0.0195   0.0163   0.0164   0.0171   0.0176   0.0161   0.0181   0.0189
  4.14    0.413   0.0187   0.0192   0.0190   0.0172   0.0213   0.0188   0.0163   0.0190   0.0186
  5.12    0.488   0.0202   0.0204   0.0206   0.0199   0.0206   0.0216   0.0187   0.0202   0.0198
  6.11    0.572   0.0223   0.0228   0.0226   0.0210   0.0245   0.0207   0.0203   0.0245   0.0221
  7.08    0.641   0.0260   0.0261   0.0262   0.0275   0.0271   0.0257   0.0257   0.0252   0.0243
  8.17    0.725   0.0311   0.0305   0.0310   0.0329   0.0316   0.0309   0.0312   0.0305   0.0299
  9.06    0.788   0.0338   0.0327   0.0338   0.0362   0.0349   0.0348   0.0330   0.0326   0.0319
 10.25    0.863   0.0391   0.0384   0.0386   0.0410   0.0397   0.0391   0.0391   0.0377   0.0389
 11.19    0.915   0.0432   0.0439   0.0444   0.0446   0.0445   0.0424   0.0424   0.0416   0.0422
 12.15    0.967   0.0464   0.0459   0.0460   0.0486   0.0471   0.0462   0.0471   0.0459   0.0443
 13.07    0.573   0.1883   0.1800   0.1797   0.1904   0.1949   0.1978   0.1995   0.1885   0.1757
Tabulated from data in file 06936gw_interp.dat & reduced using program C10.20

Average Reynolds #:
199911.7
Number of angles of attack:
24
 alpha  /   Cl   /  Cd   /  Spanwise Cd's >>>
 -8.27   -0.796   0.0202   0.0203   0.0199   0.0211   0.0197   0.0192   0.0203   0.0209   0.0204
 -7.25   -0.716   0.0184   0.0183   0.0181   0.0193   0.0178   0.0172   0.0185   0.0193   0.0186
 -6.20   -0.635   0.0164   0.0166   0.0157   0.0168   0.0157   0.0155   0.0167   0.0172   0.0168
 -5.23   -0.561   0.0148   0.0149   0.0140   0.0158   0.0139   0.0142   0.0149   0.0160   0.0148
 -4.17   -0.478   0.0133   0.0136   0.0130   0.0147   0.0123   0.0126   0.0133   0.0139   0.0132
 -3.32   -0.408   0.0124   0.0123   0.0124   0.0135   0.0116   0.0119   0.0122   0.0129   0.0124
 -2.09   -0.231   0.0109   0.0118   0.0107   0.0107   0.0102   0.0109   0.0105   0.0127   0.0100
 -1.05   -0.128   0.0108   0.0122   0.0104   0.0109   0.0115   0.0109   0.0103   0.0110   0.0095
 -0.16   -0.046   0.0105   0.0108   0.0104   0.0117   0.0096   0.0103   0.0103   0.0118   0.0094
  0.96    0.055   0.0107   0.0124   0.0105   0.0113   0.0095   0.0106   0.0097   0.0107   0.0106
  2.02    0.162   0.0118   0.0128   0.0116   0.0118   0.0116   0.0118   0.0115   0.0114   0.0121
  3.03    0.292   0.0124   0.0134   0.0121   0.0119   0.0127   0.0127   0.0118   0.0119   0.0126
  3.97    0.414   0.0132   0.0156   0.0086   0.0171   0.0106   0.0168   0.0107   0.0109   0.0149
  5.02    0.510   0.0147   0.0149   0.0146   0.0145   0.0157   0.0147   0.0140   0.0151   0.0144
  6.20    0.615   0.0161   0.0160   0.0159   0.0169   0.0172   0.0157   0.0156   0.0162   0.0157
  7.02    0.681   0.0175   0.0169   0.0170   0.0188   0.0186   0.0171   0.0171   0.0173   0.0169
  8.09    0.763   0.0195   0.0187   0.0191   0.0214   0.0204   0.0191   0.0194   0.0191   0.0189
  9.20    0.850   0.0219   0.0209   0.0213   0.0239   0.0226   0.0216   0.0227   0.0212   0.0211
 10.25    0.926   0.0243   0.0233   0.0237   0.0259   0.0251   0.0239   0.0257   0.0234   0.0236
 11.19    0.991   0.0265   0.0256   0.0258   0.0281   0.0274   0.0261   0.0282   0.0254   0.0257
 12.27    1.058   0.0296   0.0287   0.0290   0.0305   0.0299   0.0293   0.0315   0.0289   0.0293
 13.11    1.105   0.0329   0.0317   0.0321   0.0333   0.0330   0.0330   0.0347   0.0326   0.0328
 14.17    1.139   0.0402   0.0372   0.0392   0.0402   0.0389   0.0415   0.0448   0.0414   0.0387
 15.27    1.136   0.0825   0.0375   0.0406   0.0596   0.0845   0.1041   0.1206   0.1155   0.0979
Tabulated from data in file 06940ga_interp.dat & reduced using program C10.20

Average Reynolds #:
399414.2
Number of angles of attack:
23
 alpha  /   Cl   /  Cd   /  Spanwise Cd's >>>
 -8.36   -0.836   0.0158   0.0161   0.0161   0.0166   0.0153   0.0149   0.0159   0.0161   0.0157
 -7.20   -0.742   0.0139   0.0142   0.0139   0.0148   0.0133   0.0131   0.0138   0.0144   0.0138
 -6.34   -0.669   0.0131   0.0130   0.0126   0.0138   0.0122   0.0126   0.0132   0.0138   0.0132
 -5.24   -0.578   0.0120   0.0118   0.0112   0.0131   0.0111   0.0117   0.0122   0.0124   0.0122
 -4.11   -0.471   0.0107   0.0108   0.0106   0.0120   0.0099   0.0102   0.0106   0.0111   0.0106
 -3.28   -0.353   0.0101   0.0098   0.0103   0.0112   0.0097   0.0094   0.0102   0.0099   0.0099
 -2.11   -0.223   0.0091   0.0091   0.0091   0.0096   0.0094   0.0085   0.0087   0.0090   0.0092
 -1.13   -0.130   0.0090   0.0091   0.0088   0.0094   0.0095   0.0088   0.0083   0.0092   0.0089
 -0.13   -0.035   0.0090   0.0089   0.0090   0.0094   0.0095   0.0091   0.0085   0.0091   0.0085
  0.84    0.056   0.0093   0.0095   0.0088   0.0096   0.0083   0.0102   0.0090   0.0090   0.0099
  1.85    0.150   0.0091   0.0094   0.0085   0.0096   0.0087   0.0091   0.0089   0.0092   0.0093
  2.96    0.256   0.0098   0.0100   0.0096   0.0102   0.0096   0.0102   0.0099   0.0092   0.0100
  4.08    0.371   0.0107   0.0107   0.0109   0.0106   0.0106   0.0111   0.0107   0.0101   0.0106
  5.02    0.460   0.0116   0.0117   0.0119   0.0114   0.0117   0.0121   0.0115   0.0111   0.0114
  6.15    0.596   0.0128   0.0135   0.0130   0.0128   0.0132   0.0126   0.0126   0.0121   0.0124
  7.16    0.694   0.0138   0.0136   0.0135   0.0145   0.0146   0.0131   0.0140   0.0134   0.0136
  8.22    0.790   0.0149   0.0138   0.0141   0.0169   0.0154   0.0140   0.0158   0.0144   0.0143
  9.10    0.862   0.0160   0.0149   0.0149   0.0182   0.0166   0.0153   0.0173   0.0155   0.0153
 10.14    0.943   0.0180   0.0170   0.0164   0.0201   0.0188   0.0172   0.0196   0.0173   0.0176
 11.21    1.027   0.0203   0.0194   0.0187   0.0217   0.0209   0.0199   0.0221   0.0195   0.0204
 12.21    1.096   0.0226   0.0217   0.0213   0.0231   0.0231   0.0224   0.0247   0.0220   0.0227
 13.27    1.157   0.0264   0.0258   0.0253   0.0259   0.0253   0.0266   0.0285   0.0268   0.0269
 14.32    1.198   0.0355   0.0301   0.0315   0.0308   0.0305   0.0357   0.0445   0.0436   0.0371
Tabulated from data in file 06939gw_interp.dat & reduced using program C10.20

File w1015-30_f0_drag.dat created using program clcm dist V1.1 on 30-Mar-2012 09:46:55
