Airfoil: W1015-20 fp5
Builder: S. Cassidy
Comment: Clean, Cf/C = 20%, Flap = 5°

Number of Reynolds #'s:
2

Average Reynolds #:
200180.1
Number of angles of attack:
23
 alpha  /   Cl   /  Cd   /  Spanwise Cd's >>>
 -8.22   -0.586   0.0182   0.0175   0.0153   0.0251   0.0155   0.0166   0.0231   0.0149   0.0178
 -7.18   -0.490   0.0168   0.0152   0.0145   0.0225   0.0134   0.0158   0.0218   0.0135   0.0176
 -6.37   -0.419   0.0163   0.0154   0.0147   0.0202   0.0136   0.0158   0.0196   0.0133   0.0177
 -5.16   -0.320   0.0158   0.0159   0.0153   0.0182   0.0146   0.0149   0.0170   0.0142   0.0166
 -4.12   -0.232   0.0151   0.0151   0.0140   0.0180   0.0138   0.0141   0.0163   0.0136   0.0163
 -3.26   -0.158   0.0149   0.0147   0.0135   0.0174   0.0139   0.0145   0.0160   0.0134   0.0156
 -2.19   -0.056   0.0146   0.0145   0.0130   0.0183   0.0125   0.0143   0.0165   0.0140   0.0135
 -1.22    0.072   0.0141   0.0150   0.0132   0.0158   0.0136   0.0136   0.0153   0.0134   0.0129
 -0.12    0.203   0.0123   0.0129   0.0118   0.0136   0.0113   0.0122   0.0119   0.0128   0.0116
  1.06    0.310   0.0130   0.0130   0.0139   0.0125   0.0141   0.0135   0.0121   0.0124   0.0123
  1.88    0.387   0.0135   0.0125   0.0149   0.0120   0.0147   0.0150   0.0127   0.0128   0.0133
  2.91    0.480   0.0143   0.0132   0.0162   0.0124   0.0168   0.0148   0.0129   0.0141   0.0138
  4.09    0.594   0.0152   0.0150   0.0156   0.0150   0.0168   0.0146   0.0148   0.0152   0.0145
  5.06    0.688   0.0165   0.0162   0.0167   0.0178   0.0172   0.0159   0.0160   0.0163   0.0158
  6.18    0.794   0.0185   0.0177   0.0182   0.0207   0.0193   0.0183   0.0185   0.0178   0.0178
  7.05    0.867   0.0204   0.0197   0.0199   0.0228   0.0211   0.0199   0.0208   0.0195   0.0196
  8.18    0.961   0.0230   0.0220   0.0223   0.0252   0.0237   0.0227   0.0241   0.0219   0.0220
  9.23    1.037   0.0255   0.0243   0.0250   0.0276   0.0259   0.0252   0.0271   0.0243   0.0246
 10.16    1.104   0.0278   0.0266   0.0270   0.0294   0.0279   0.0274   0.0295   0.0271   0.0272
 11.24    1.177   0.0310   0.0300   0.0306   0.0317   0.0305   0.0309   0.0333   0.0307   0.0305
 12.13    1.225   0.0340   0.0329   0.0338   0.0345   0.0323   0.0340   0.0355   0.0347   0.0342
 13.19    1.268   0.0402   0.0373   0.0399   0.0390   0.0374   0.0405   0.0413   0.0426   0.0437
 14.16    1.288   0.0633   0.0412   0.0419   0.0445   0.0549   0.0715   0.0880   0.0884   0.0762
Tabulated from data in file 07010gw_interp.dat & reduced using program C10.20

Average Reynolds #:
399462.5
Number of angles of attack:
23
 alpha  /   Cl   /  Cd   /  Spanwise Cd's >>>
 -8.32   -0.612   0.0138   0.0137   0.0121   0.0173   0.0116   0.0137   0.0162   0.0123   0.0137
 -7.40   -0.517   0.0130   0.0123   0.0118   0.0162   0.0113   0.0130   0.0151   0.0113   0.0130
 -6.30   -0.409   0.0124   0.0113   0.0112   0.0156   0.0108   0.0121   0.0137   0.0114   0.0127
 -5.31   -0.306   0.0119   0.0110   0.0108   0.0151   0.0109   0.0115   0.0132   0.0110   0.0115
 -4.14   -0.189   0.0108   0.0100   0.0102   0.0136   0.0101   0.0104   0.0122   0.0097   0.0104
 -3.25   -0.105   0.0103   0.0100   0.0106   0.0127   0.0090   0.0098   0.0117   0.0091   0.0098
 -2.20    0.006   0.0093   0.0100   0.0099   0.0096   0.0081   0.0093   0.0095   0.0091   0.0091
 -1.05    0.119   0.0088   0.0090   0.0087   0.0094   0.0083   0.0089   0.0089   0.0087   0.0084
 -0.18    0.201   0.0093   0.0096   0.0089   0.0100   0.0090   0.0096   0.0096   0.0092   0.0090
  1.01    0.311   0.0103   0.0106   0.0100   0.0107   0.0102   0.0107   0.0106   0.0101   0.0098
  1.97    0.404   0.0108   0.0106   0.0105   0.0107   0.0110   0.0117   0.0110   0.0107   0.0104
  2.91    0.493   0.0117   0.0115   0.0117   0.0117   0.0124   0.0122   0.0116   0.0114   0.0112
  3.92    0.589   0.0124   0.0121   0.0127   0.0129   0.0134   0.0126   0.0120   0.0120   0.0116
  5.09    0.700   0.0135   0.0132   0.0139   0.0146   0.0140   0.0130   0.0135   0.0129   0.0132
  6.13    0.798   0.0147   0.0137   0.0143   0.0169   0.0153   0.0137   0.0153   0.0143   0.0138
  7.18    0.889   0.0162   0.0150   0.0153   0.0190   0.0165   0.0154   0.0176   0.0154   0.0153
  8.18    0.979   0.0176   0.0164   0.0163   0.0201   0.0178   0.0168   0.0192   0.0168   0.0171
  9.24    1.071   0.0194   0.0183   0.0180   0.0211   0.0197   0.0188   0.0214   0.0189   0.0191
 10.10    1.136   0.0213   0.0205   0.0202   0.0222   0.0213   0.0207   0.0230   0.0210   0.0212
 11.14    1.212   0.0238   0.0232   0.0234   0.0239   0.0228   0.0236   0.0250   0.0247   0.0240
 12.22    1.284   0.0271   0.0261   0.0280   0.0260   0.0247   0.0276   0.0275   0.0291   0.0282
 13.14    1.327   0.0321   0.0299   0.0343   0.0301   0.0276   0.0323   0.0336   0.0353   0.0341
 14.27    1.332   0.0782   0.0290   0.0328   0.0504   0.0756   0.0974   0.1172   0.1193   0.1039
Tabulated from data in file 07012sn_interp.dat & reduced using program C10.20

File w1015-20_fp5_drag.dat created using program clcm dist V1.1 on 30-Mar-2012 09:46:55
