3d=true
polyline=false
fit=false

0.000000   200.000000   0.600000
0.000000   199.949654   0.608070
0.000000   199.798668   0.632322
0.000000   199.547192   0.672887
0.000000   199.195481   0.729974
0.000000   198.743889   0.803873
0.000000   198.192870   0.894942
0.000000   197.542979   1.003596
0.000000   196.794870   1.130303
0.000000   195.949297   1.275562
0.000000   195.007112   1.439895
0.000000   193.969262   1.623827
0.000000   192.836793   1.827872
0.000000   191.610846   2.052511
0.000000   190.292654   2.298181
0.000000   188.883545   2.565250
0.000000   187.384938   2.854002
0.000000   185.798341   3.164622
0.000000   184.125353   3.497175
0.000000   182.367658   3.851598
0.000000   180.527026   4.227684
0.000000   178.605309   4.625069
0.000000   176.604444   5.043231
0.000000   174.526445   5.481481
0.000000   172.373404   5.938962
0.000000   170.147489   6.414649
0.000000   167.850941   6.907355
0.000000   165.486073   7.415741
0.000000   163.055267   7.938319
0.000000   160.560969   8.473476
0.000000   158.005691   9.019478
0.000000   155.392006   9.574500
0.000000   152.722547   10.136634
0.000000   150.000000   10.703918
0.000000   147.227107   11.274352
0.000000   144.406661   11.845922
0.000000   141.541501   12.416616
0.000000   138.634513   12.984448
0.000000   135.688622   13.547470
0.000000   132.706796   14.103790
0.000000   129.692038   14.651580
0.000000   126.647381   15.189090
0.000000   123.575894   15.714648
0.000000   120.480667   16.226665
0.000000   117.364818   16.723633
0.000000   114.231484   17.204120
0.000000   111.083820   17.666762
0.000000   107.924996   18.110256
0.000000   104.758192   18.533345
0.000000   101.586596   18.934809
0.000000   98.413404   19.313445
0.000000   95.241808   19.668063
0.000000   92.075004   19.997465
0.000000   88.916180   20.300440
0.000000   85.768516   20.575756
0.000000   82.635182   20.822151
0.000000   79.519333   21.038335
0.000000   76.424106   21.222992
0.000000   73.352619   21.374788
0.000000   70.307962   21.492380
0.000000   67.293204   21.574434
0.000000   64.311378   21.619642
0.000000   61.365487   21.626749
0.000000   58.458499   21.594576
0.000000   55.593339   21.522050
0.000000   52.772893   21.408236
0.000000   50.000000   21.252361
0.000000   47.277453   21.053853
0.000000   44.607994   20.812360
0.000000   41.994309   20.527780
0.000000   39.439031   20.200282
0.000000   36.944733   19.830320
0.000000   34.513927   19.418646
0.000000   32.149059   18.966313
0.000000   29.852511   18.474672
0.000000   27.626596   17.945365
0.000000   25.473555   17.380305
0.000000   23.395556   16.781652
0.000000   21.394691   16.151786
0.000000   19.472974   15.493268
0.000000   17.632342   14.808797
0.000000   15.874647   14.101169
0.000000   14.201659   13.373223
0.000000   12.615062   12.627797
0.000000   11.116455   11.867673
0.000000   9.707346   11.095531
0.000000   8.389154   10.313904
0.000000   7.163207   9.525134
0.000000   6.030738   8.731337
0.000000   4.992888   7.934376
0.000000   4.050703   7.135835
0.000000   3.205130   6.337010
0.000000   2.457021   5.538900
0.000000   1.807130   4.742213
0.000000   1.256111   3.947381
0.000000   0.804519   3.154578
0.000000   0.452808   2.363751
0.000000   0.201332   1.574658
0.000000   0.050346   0.786905
0.000000   0.000000   0.000000

0.000000   0.000000   0.000000
0.000000   0.050346   -0.465150
0.000000   0.201332   -0.927073
0.000000   0.452808   -1.382319
0.000000   0.804519   -1.827594
0.000000   1.256111   -2.259835
0.000000   1.807130   -2.676269
0.000000   2.457021   -3.074472
0.000000   3.205130   -3.452408
0.000000   4.050703   -3.808459
0.000000   4.992888   -4.141442
0.000000   6.030738   -4.450611
0.000000   7.163207   -4.735641
0.000000   8.389154   -4.996608
0.000000   9.707346   -5.233947
0.000000   11.116455   -5.448408
0.000000   12.615062   -5.640997
0.000000   14.201659   -5.812921
0.000000   15.874647   -5.965515
0.000000   17.632342   -6.100183
0.000000   19.472974   -6.218332
0.000000   21.394691   -6.321309
0.000000   23.395556   -6.410353
0.000000   25.473555   -6.486549
0.000000   27.626596   -6.550789
0.000000   29.852511   -6.603751
0.000000   32.149059   -6.645882
0.000000   34.513927   -6.677404
0.000000   36.944733   -6.698316
0.000000   39.439031   -6.708419
0.000000   41.994309   -6.707346
0.000000   44.607994   -6.694596
0.000000   47.277453   -6.669584
0.000000   50.000000   -6.631681
0.000000   52.772893   -6.580268
0.000000   55.593339   -6.514783
0.000000   58.458499   -6.434765
0.000000   61.365487   -6.339900
0.000000   64.311378   -6.230049
0.000000   67.293204   -6.105281
0.000000   70.307962   -5.965887
0.000000   73.352619   -5.812389
0.000000   76.424106   -5.645540
0.000000   79.519333   -5.466312
0.000000   82.635182   -5.275875
0.000000   85.768516   -5.075573
0.000000   88.916180   -4.866885
0.000000   92.075004   -4.651387
0.000000   95.241808   -4.430712
0.000000   98.413404   -4.206503
0.000000   101.586596   -3.980370
0.000000   104.758192   -3.753853
0.000000   107.924996   -3.528379
0.000000   111.083820   -3.305241
0.000000   114.231484   -3.085564
0.000000   117.364818   -2.870297
0.000000   120.480667   -2.660203
0.000000   123.575894   -2.455863
0.000000   126.647381   -2.257680
0.000000   129.692038   -2.065903
0.000000   132.706796   -1.880646
0.000000   135.688622   -1.701922
0.000000   138.634513   -1.529670
0.000000   141.541501   -1.363793
0.000000   144.406661   -1.204194
0.000000   147.227107   -1.050806
0.000000   150.000000   -0.903627
0.000000   152.722547   -0.762737
0.000000   155.392006   -0.628323
0.000000   158.005691   -0.500686
0.000000   160.560969   -0.380247
0.000000   163.055267   -0.267537
0.000000   165.486073   -0.163187
0.000000   167.850941   -0.067902
0.000000   170.147489   0.017565
0.000000   172.373404   0.092449
0.000000   174.526445   0.156014
0.000000   176.604444   0.207593
0.000000   178.605309   0.246633
0.000000   180.527026   0.272733
0.000000   182.367658   0.285685
0.000000   184.125353   0.285505
0.000000   185.798341   0.272463
0.000000   187.384938   0.247093
0.000000   188.883545   0.210210
0.000000   190.292654   0.162902
0.000000   191.610846   0.106520
0.000000   192.836793   0.042654
0.000000   193.969262   -0.026901
0.000000   195.007112   -0.100183
0.000000   195.949297   -0.175118
0.000000   196.794870   -0.249572
0.000000   197.542979   -0.321413
0.000000   198.192870   -0.388572
0.000000   198.743889   -0.449104
0.000000   199.195481   -0.501249
0.000000   199.547192   -0.543483
0.000000   199.798668   -0.574570
0.000000   199.949654   -0.593595
0.000000   200.000000   -0.600000
